kkkakakakak|223455667|1234|1000|12|20171208|20171208|0|1231231
asdasdaasdas|223455667|1234|1000|12|20171208|20171208|0|1231231
zcazcacasc|223455667|1234|1000|12|20171208|20171208|0|1231231
asdasdasdasd|223455667|1234|1000|12|20171208|20171208|0|1231231
asdak|223455667|1234|1000|12|20171208|20171208|0|1231231
1454656kak|223455667|1234|1000|12|20171208|20171208|0|1231231
zxczxczxakak|223455667|1234|1000|12|20171208|20171208|0|1231231
12qwdasdadkak|223455667|1234|1000|12|20171208|20171208|0|1231231
acsacackak|223455667|1234|1000|12|20171208|20171208|0|1231231
zxcsadadakak|223455667|1234|1000|12|20171208|20171208|0|1231231
asd2qacaak|223455667|1234|1000|12|20171208|20171208|0|1231231
zcxzczckak|223455667|1234|1000|12|20171208|20171208|0|1231231
asdqwqeqak|223455667|1234|1000|12|20171208|20171208|0|1231231
asdaddasdak|223455667|1234|1000|12|20171208|20171208|0|1231231
acczxczcakak|223455667|1234|1000|12|20171208|20171208|0|1231231
qweqwecaakak|223455667|1234|1000|12|20171208|20171208|0|1231231
asdaczxckak|223455667|1234|1000|12|20171208|20171208|0|1231231
asdqweacakak|223455667|1234|1000|12|20171208|20171208|0|1231231
acxczadsdkak|223455667|1234|1000|12|20171208|20171208|0|1231231
asdqweacacak|223455667|1234|1000|12|20171208|20171208|0|1231231
dasdczasdadak|223455667|1234|1000|12|20171208|20171208|0|1231231
qweqdasdcack|223455667|1234|1000|12|20171208|20171208|0|1231231
qwecacacqaqcak|223455667|1234|1000|12|20171208|20171208|0|1231231